20220818-211004_000.las 2212.096 -193144.75 32.139 2497.707 -192877.249 67.569
20220818-211004_001.las 1968.526 -192956.479 36.057 2263.646 -192766.689 79.483
20220818-211004_002.las 1910.053 -192893.42500000002 38.608000000000004 2046.526 -192638.37900000002 79.425
20220818-211004_003.las 1918.6390000000001 -192708.035 37.915 2074.1 -192534.27300000002 62.785000000000004
20220818-211004_004.las 1912.595 -192810.453 38.195 2044.178 -192589.47 69.935
20220818-211004_005.las 1919.986 -192891.854 39.887 2060.011 -192759.308 80.056
20220818-211004_006.las 2010.3600000000001 -193026.037 37.731 2331.43 -192764.458 74.70400000000001
20220818-211004_007.las 2299.012 -193126.007 34.93 2622.762 -192955.804 76.79
20220818-211004_008.las 2555.245 -193113.131 37.652 2783.447 -192952.038 88.055
20220818-211004_009.las 2727.839 -193074.207 41.566 2918.9120000000003 -192921.861 88.394
20220818-211004_010.las 2882.5480000000002 -193044.165 36.679 3086.76 -192892.318 82.539
20220818-211004_011.las 2970.2090000000003 -193107.217 41.386 3120.251 -192917.529 88.459
20220818-211004_012.las 2995.44 -193205.581 37.577 3141.707 -193044.951 87.498
20220818-211004_013.las 3014.974 -193435.038 34.934 3183.943 -193147.17 94.023
20220818-211004_014.las 3058.766 -193503.679 35.222 3247.087 -193372.13 81.94
20220818-211004_015.las 3170.855 -193566.776 34.735 3403.898 -193391.557 88.771
20220818-211004_016.las 3303.107 -193574.183 29.049 3453.944 -193413.534 84.596
20220818-211004_017.las 3407.317 -193521.408 33.082 3549.705 -193387.74 88.893
20220818-211004_018.las 3514.1710000000003 -193486.49300000002 31.871000000000002 3659.761 -193319.935 92.157
20220818-211004_019.las 3437.3450000000003 -193423.422 34.273 3638.308 -193296.411 88.73400000000001
20220818-211004_020.las 3401.061 -193539.239 32.484 3550.416 -193321.229 75.715
20220818-211004_021.las 3426.327 -193603.079 35.036 3561.587 -193474.048 82.306
20220818-211004_022.las 3449.419 -193617.987 30.087 3680.377 -193456.236 93.093
20220818-211004_023.las 3571.768 -193550.994 32.938 3711.402 -193405.50100000002 88.997
20220818-211004_024.las 3432.945 -193562.853 31.385 3596.75 -193436.442 82.712
20220818-211004_025.las 3443.878 -193645.39 29.967000000000002 3577.66 -193508.465 73.971
20220818-211004_026.las 3498.922 -193692.535 30.987000000000002 3712.472 -193524.051 76.60000000000001
20220818-211004_027.las 3590.915 -193704.747 25.394000000000002 3747.77 -193489.223 93.363
20220818-211004_028.las 3563.021 -193596.011 32.316 3744.368 -193451.034 93.26
20220818-211004_029.las 3638.678 -193697.575 32.613 3811.27 -193536.082 94.249
20220818-211004_030.las 3691.8830000000003 -193726.469 25.441 3888.8450000000003 -193577.078 88.697
20220818-211004_031.las 3774.306 -193694.013 32.793 3927.686 -193502.431 83.289
20220818-211004_032.las 3737.103 -193590.475 30.538 3894.969 -193419.921 89.779
20220818-211004_033.las 3591.237 -193574.063 31.457 3819.591 -193419.187 93.141
20220818-211004_034.las 3555.593 -193557.507 33.361000000000004 3689.9990000000003 -193353.18600000002 79.163
20220818-211004_035.las 3625.492 -193459.043 34.006 3806.364 -193315.549 76.453
20220818-211004_036.las 3657.221 -193393.345 35.026 3806.053 -193241.851 78.941
20220818-211004_037.las 3490.3830000000003 -193407.54200000002 33.067 3742.4900000000002 -193241.096 88.85900000000001
20220818-211004_038.las 3309.013 -193467.279 34.83 3554.358 -193300.547 79.31400000000001
20220818-211004_039.las 3183.866 -193505.746 33.016 3379.492 -193355.95 97.515
20220818-211004_040.las 3226.766 -193557.74300000002 34.738 3403.987 -193419.026 81.632
20220818-211004_041.las 3333.475 -193616.017 31.895 3544.565 -193450.885 82.137
20220818-211004_042.las 3442.072 -193631.13700000002 24.587 3673.043 -193458.03100000002 93.348
20220818-211004_043.las 3571.919 -193581.422 31.964000000000002 3711.328 -193405.615 93.395
20220818-211004_044.las 3427.5750000000003 -193562.731 30.962 3600.219 -193433.437 80.05
20220818-211004_045.las 3414.254 -193519.14800000002 33.194 3563.512 -193387.395 92.135
20220818-211004_046.las 3524.073 -193486.624 34.064 3670.809 -193349.415 95.358
20220818-211004_047.las 3573.565 -193485.90600000002 30.724 3754.044 -193343.21600000001 76.467
20220818-211004_048.las 3691.2670000000003 -193437.873 34.51 3806.353 -193300.815 79.083
20220818-211004_049.las 3603.009 -193368.683 34.759 3793.583 -193241.894 82.77
20220818-211004_050.las 3388.451 -193443.383 35.127 3662.031 -193262.56900000002 85.867
20220818-211004_051.las 3268.538 -193477.13 35.402 3440.782 -193280.483 79.252
20220818-211004_052.las 3221.8340000000003 -193343.109 37.622 3381.3920000000003 -193128.855 87.45100000000001
20220818-211004_053.las 3192.567 -193168.136 39.841 3337.213 -193022.899 86.46300000000001
20220818-211004_054.las 3158.202 -193066.383 40.035000000000004 3311.503 -192877.867 91.319
20220818-211004_055.las 3082.1530000000002 -193006.009 34.459 3284.442 -192855.544 87.783
20220818-211004_056.las 2980.5950000000003 -193025.413 39.32 3147.416 -192880.583 88.47800000000001
20220818-211004_057.las 2975.001 -193073.433 41.106 3159.8450000000003 -192912.673 88.45400000000001
20220818-211004_058.las 3053.3160000000003 -193057.643 40.872 3188.741 -192884.505 92.693
20220818-211004_059.las 2974.582 -193025.507 40.156 3124.965 -192883.215 88.46000000000001
20220818-211004_060.las 2975.259 -193119.438 41.377 3121.082 -192955.407 88.446
20220818-211004_061.las 2996.789 -193174.717 37.775 3177.71 -193034.80000000002 82.496
20220818-211004_062.las 3126.377 -193158.873 41.886 3255.976 -193022.114 85.087
20220818-211004_063.las 3228.006 -193133.703 39.692 3364.685 -192993.052 79.162
20220818-211004_064.las 3339.9030000000002 -193108.071 39.993 3451.523 -192978.797 69.375
20220818-211004_065.las 3411.4500000000003 -193076.02 38.105000000000004 3532.6620000000003 -192956.468 77.35300000000001
20220818-211004_066.las 3369.6150000000002 -193010.846 38.079 3520.974 -192904.435 76.60000000000001
20220818-211004_067.las 3265.574 -193055.881 39.108000000000004 3396.371 -192925.707 77.108
20220818-211004_068.las 3218.6730000000002 -193081.564 39.765 3331.989 -192941.57 74.178
20220818-211004_069.las 3085.371 -193107.635 32.216 3270.771 -192958.42 101.744
20220818-211004_070.las 3080.7090000000003 -193044.97400000002 42.079 3230.846 -192924.21300000002 87.587
20220818-211004_071.las 3168.576 -193029.65600000002 26.581 3295.384 -192885.198 91.375
20220818-211004_072.las 3080.668 -193009.668 37.708 3284.091 -192855.29 85.677
20220818-211004_073.las 2976.063 -193025.839 39.119 3137.877 -192882.26200000002 88.611
20220818-211004_074.las 2973.242 -193108.093 41.087 3121.036 -192949.416 88.418
20220818-211004_075.las 2994.539 -193184.848 41.701 3129.611 -193038.434 84.617
20220818-211004_076.las 3013.058 -193318.149 38.208 3171.302 -193142.752 96.55
20220818-211004_077.las 3113.127 -193313.853 38.468 3232.503 -193170.826 99.54
20220818-211004_078.las 3170.471 -193297.041 38.632 3402.747 -193136.69 84.912
20220818-211004_079.las 3346.067 -193257.43600000002 33.724000000000004 3595.552 -193093.701 94.224
20220818-211004_080.las 3545.969 -193203.06100000002 30.979 3694.693 -193021.143 86.44200000000001
20220818-211004_081.las 3503.406 -193106.842 31.582 3660.916 -192932.719 86.474
20220818-211004_082.las 3410.659 -193081.147 38.274 3559.57 -192952.17 82.491
20220818-211004_083.las 3380.102 -193013.873 37.309 3521.192 -192880.316 80.38
20220818-211004_085.las 3334.5860000000002 -192920.71600000001 36.754 3487.716 -192811.843 94.735
20220818-211004_086.las 3215.583 -192967.093 39.488 3363.82 -192826.332 83.325
20220818-211004_087.las 3221.342 -193034.948 38.358000000000004 3365.565 -192926.817 78.77
20220818-211004_088.las 3238.168 -193090.505 38.299 3367.328 -192981.395 79.158
20220818-211004_089.las 3329.723 -193107.456 37.175000000000004 3423.567 -192977.739 73.237
20220818-211004_090.las 3383.018 -193094.209 39.675000000000004 3502.527 -192959.377 77.628
20220818-211004_091.las 3379.777 -193072.994 36.468 3533.213 -192884.414 78.327
20220818-211004_092.las 3360.536 -192961.426 36.459 3497.588 -192811.302 84.171
20220818-211004_093.las 3260.361 -192956.079 37.335 3413.588 -192817.5 94.523
20220818-211004_094.las 3060.203 -193014.965 37.926 3317.0080000000003 -192841.82 85.233
20220818-211004_095.las 2974.928 -193107.624 40.728 3120.361 -192886.461 89.256
20220818-211004_096.las 2996.419 -193263.976 38.736000000000004 3144.217 -193060.808 87.274
20220818-211004_097.las 3028.2780000000002 -193403.902 33.697 3164.355 -193203.246 94.08
20220818-211004_098.las 3128.652 -193392.23 37.478 3250.518 -193250.736 100.363
20220818-211004_099.las 3125.0080000000003 -193283.163 37.309 3260.518 -193189.146 101.177
20220818-211004_100.las 3098.026 -193214.331 39.197 3235.293 -193084.238 84.601
20220818-211004_101.las 3013.71 -193241.804 38.779 3149.6420000000003 -193102.624 87.23400000000001
20220818-211004_102.las 3025.09 -193382.992 34.942 3175.404 -193189.614 93.943
20220818-211004_103.las 3053.707 -193466.775 37.456 3254.422 -193329.583 96.018
20220818-211004_104.las 3142.32 -193434.15 36.878 3278.379 -193257.014 100.16
20220818-211004_105.las 3148.832 -193286.545 39.042 3222.949 -193212.565 84.85600000000001
20220818-211004_106.las 3099.668 -193325.495 37.752 3258.966 -193186.22400000002 100.016
20220818-211004_107.las 3037.353 -193404.045 36.736000000000004 3175.733 -193200.962 89.283
20220818-211004_108.las 3053.745 -193501.133 34.413000000000004 3237.649 -193351.603 80.158
20220818-211004_109.las 3146.771 -193552.058 34.696 3382.8630000000003 -193391.785 88.59100000000001
20220818-211004_110.las 3318.831 -193649.066 30.155 3613.952 -193449.962 82.153
20220818-211004_111.las 3549.826 -193737.52 28.864 3815.831 -193568.72400000002 91.70100000000001
20220818-211004_112.las 3739.79 -193718.47400000002 30.496000000000002 3928.206 -193491.843 88.455
20220818-211004_113.las 3722.1820000000002 -193577.241 34.035000000000004 3889.023 -193397.981 84.256
20220818-211004_114.las 3649.045 -193515.043 32.03 3829.344 -193364.263 75.485
20220818-211004_115.las 3541.14 -193529.09900000002 32.111000000000004 3695.322 -193361.277 88.943
20220818-211004_116.las 3510.524 -193412.902 31.568 3657.487 -193297.718 85.619
20220818-211004_117.las 3514.337 -193355.535 33.386 3686.4210000000003 -193213.085 80.112
20220818-211004_118.las 3598.435 -193328.586 35.215 3754.972 -193127.555 86.511
20220818-211004_119.las 3456.9700000000003 -193234.536 32.264 3712.02 -193084.631 93.177
20220818-211004_120.las 3341.013 -193255.332 36.114 3534.214 -193116.388 94.764
20220818-211004_121.las 3228.889 -193279.663 35.803 3410.627 -193139.42 87.372
20220818-211004_122.las 3143.89 -193205.332 38.157000000000004 3343.522 -193061.28100000002 90.60300000000001
20220818-211004_123.las 3091.997 -193194.657 38.783 3230.721 -193038.891 84.422
20220818-211004_124.las 3034.862 -193122.443 38.976 3214.576 -192982.788 99.74000000000001
20220818-211004_125.las 2995.815 -193217.054 39.175000000000004 3141.89 -192999.539 87.259
20220818-211004_126.las 3018.724 -193489.117 34.642 3212.109 -193177.09900000002 93.885
20220818-211004_127.las 3128.122 -193584.089 34.714 3438.072 -193372.411 88.61
20220818-211004_128.las 3367.3830000000003 -193684.202 32.557 3587.3720000000003 -193480.935 82.161
20220818-211004_129.las 3417.542 -193752.72 32.915 3594.4610000000002 -193637.582 81.867
20220818-211004_130.las 3358.578 -193688.566 30.427 3518.614 -193528.348 82.05
20220818-211004_131.las 3302.899 -193625.05000000002 35.138 3455.969 -193425.962 81.86
20220818-211004_132.las 3284.885 -193471.68600000002 35.132 3421.71 -193376.50400000002 79.836
20220818-211004_133.las 3284.672 -193473.866 33.777 3452.832 -193347.305 75.424
20220818-211004_134.las 3400.342 -193443.233 33.958 3621.755 -193286.44400000002 85.045
20220818-211004_135.las 3492.155 -193401.027 33.281 3648.15 -193205.388 85.328
20220818-211004_136.las 3469.0860000000002 -193283.633 34.160000000000004 3610.713 -193137.181 94.55
20220818-211004_137.las 3461.5550000000003 -193221.155 32.667 3626.69 -193086.625 86.801
20220818-211004_138.las 3564.639 -193199.377 31.695 3770.763 -193059.236 89.992
20220818-211004_139.las 3709.021 -193163.581 31.084 3840.413 -193022.693 81.98
20220818-211004_140.las 3654.4790000000003 -193043.593 34.522 3805.292 -192922.178 73.598
20220818-211004_141.las 3588.6710000000003 -192972.809 33.757 3773.504 -192777.259 97.837
20220818-211004_142.las 3476.551 -192912.296 35.218 3649.0550000000003 -192782.478 95.165
20220818-211004_143.las 3477.29 -192986.065 37.576 3680.952 -192849.202 93.493
20220818-211004_144.las 3637.3360000000002 -192970.624 34.739 3792.126 -192838.268 74.69200000000001
20220818-211004_145.las 3751.257 -192996.423 35.871 3896.713 -192840.594 70.33200000000001
20220818-211004_146.las 3692.985 -193000.994 35.671 3869.535 -192879.026 82.652
20220818-211004_147.las 3610.5950000000003 -193042.489 35.742 3747.681 -192898.912 84.941
20220818-211004_148.las 3538.707 -193074.45 37.893 3656.29 -192928.967 86.633
20220818-211004_149.las 3554.772 -193184.032 32.535000000000004 3803.741 -193020.452 89.527
20220818-211004_150.las 3745.072 -193165.24300000002 29.843 4031.9990000000003 -192986.851 86.202
20220818-211004_151.las 3900.8940000000002 -193112.253 33.19 4067.8920000000003 -192856.236 87.561
20220818-211004_152.las 3845.339 -192913.929 35.69 4000.7980000000002 -192764.18 80.248
20220818-211004_153.las 3752.4680000000003 -192887.796 35.373 3914.634 -192766.008 83.836
20220818-211004_154.las 3594.474 -192903.115 32.59 3812.284 -192767.707 95.05
20220818-211004_155.las 3385.353 -192933.937 30.942 3658.826 -192782.439 95.149
20220818-211004_156.las 3215.496 -192967.365 39.553 3447.457 -192811.533 94.541
20220818-211004_157.las 3215.562 -193044.592 38.447 3367.102 -192886.388 78.845
20220818-211004_158.las 3260.405 -193108.393 39.878 3401.364 -192979.371 79.411
20220818-211004_159.las 3374.9880000000003 -193095.844 37.747 3533.089 -192959.46 76.984
20220818-211004_160.las 3378.0570000000002 -193014.663 38.307 3522.371 -192879.49 81.766
20220818-211004_161.las 3357.872 -192920.893 36.645 3489.456 -192798.538 84.151
20220818-211004_162.las 3431.966 -192911.267 32.289 3579.5860000000002 -192776.492 86.672
20220818-211004_163.las 3472.978 -192985.999 37.712 3651.193 -192797.69 93.54
20220818-211004_164.las 3621.114 -192970.69 34.872 3792.154 -192840.833 90.345
20220818-211004_165.las 3747.916 -192957.361 35.239 3901.81 -192836.994 77.318
20220818-211004_166.las 3855.376 -192951.323 35.139 3992.139 -192777.636 77.87
20220818-211004_167.las 3750.505 -192886.81900000002 35.571 3967.896 -192760.889 88.23400000000001
20220818-211004_168.las 3608.992 -192903.164 32.472 3809.181 -192767.35700000002 93.98100000000001
20220818-211004_169.las 3478.1910000000003 -192984.245 33.445 3673.002 -192777.555 95.089
20220818-211004_170.las 3548.022 -192986.026 34.775 3767.2690000000002 -192849.9 93.554
20220818-211004_171.las 3720.063 -192958.442 35.302 3895.6150000000002 -192837.334 74.613
20220818-211004_172.las 3773.8540000000003 -193044.375 34.774 3922.134 -192902.244 78.505
20220818-211004_173.las 3826.733 -193058.184 33.643 3934.106 -192982.615 80.033
20220818-211004_174.las 3784.496 -193164.486 32.719 3967.342 -193026.902 96.176
20220818-211004_175.las 3668.434 -193183.313 31.098 3837.29 -193048.385 93.808
20220818-211004_176.las 3518.885 -193219.355 33.203 3715.605 -193072.263 91.252
20220818-211004_177.las 3424.391 -193244.416 32.381 3562.414 -193104.696 94.54
20220818-211004_178.las 3172.163 -193290.996 35.75 3481.196 -193132.432 97.556
20220818-211004_179.las 2929.442 -193366.878 37.087 3227.097 -193180.053 97.081
20220818-211004_180.las 2657.5080000000003 -193365.619 39.185 2974.213 -193207.453 92.64
20220818-211004_181.las 2559.149 -193329.535 40.132 2733.315 -193022.923 89.289
20220818-211004_182.las 2558.388 -193100.33000000002 37.410000000000004 2821.972 -192949.33000000002 88.392
20220818-211004_183.las 2757.174 -193064.172 40.399 3000.275 -192896.584 87.394
20220818-211004_184.las 2948.558 -193020.21600000001 37.804 3189.625 -192863.23 82.467
20220818-211004_185.las 3137.118 -192982.305 36.417 3277.861 -192841.619 83.208
20220818-211004_186.las 3136.694 -192874.999 40.342 3259.967 -192786.37900000002 77.128
20220818-211004_187.las 3118.916 -192818.415 42.281 3248.458 -192720.212 77.64
20220818-211004_188.las 3107.022 -192765.79 40.888 3240.871 -192683.518 77.113
20220818-211004_189.las 3110.3830000000003 -192725.429 42.584 3223.668 -192659.418 77.022
20220818-211004_190.las 3085.098 -192694.6 42.454 3216.6710000000003 -192573.124 84.10300000000001
20220818-211004_191.las 3072.2200000000003 -192619.755 42.813 3198.237 -192489.647 87.29
20220818-211004_192.las 3052.1710000000003 -192573.741 43.035000000000004 3214.139 -192435.078 83.36
20220818-211004_193.las 3161.951 -192560.515 38.973 3327.518 -192404.427 81.287
20220818-211004_194.las 3278.474 -192526.49 37.911 3607.364 -192340.62600000002 92.404
20220818-211004_195.las 3551.991 -192463.337 42.87 3764.4500000000003 -192304.062 92.345
20220818-211004_196.las 3655.77 -192545.424 42.987 3835.349 -192324.943 95.202
20220818-211004_197.las 3725.439 -192666.824 38.139 3881.638 -192466.842 86.595
20220818-211004_198.las 3778.774 -192724.769 39.183 3898.533 -192599.522 73.249
20220818-211004_199.las 3795.745 -192871.71300000002 32.727000000000004 3977.323 -192658.15 82.20400000000001
20220818-211004_200.las 3910.818 -192871.845 30.131 4081.743 -192724.01 85.491
20220818-211004_201.las 3963.478 -192770.16700000002 35.016 4104.6630000000005 -192592.132 81.268
20220818-211004_202.las 3979.9500000000003 -192634.95500000002 40.098 4121.453 -192484.038 89.242
20220818-211004_203.las 3923.781 -192547.908 36.664 4119.484 -192414.18 96.5
20220818-211004_204.las 3840.375 -192588.418 35.315 3981.781 -192399.33000000002 102.86500000000001
20220818-211004_205.las 3731.809 -192579.56900000002 41.503 3899.26 -192446.261 88.784
20220818-211004_206.las 3741.155 -192671.101 40.716 3876.742 -192495.518 86.733
20220818-211004_207.las 3784.597 -192790.16 37.758 3936.7960000000003 -192617.404 82.23100000000001
20220818-211004_208.las 3832.0280000000002 -192873.768 33.062 4012.721 -192722.757 83.7
20220818-211004_209.las 3964.9010000000003 -192868.95 32.647 4177.054 -192731.29 95.897
20220818-211004_210.las 4020.384 -192806.96300000002 32.826 4176.388 -192622.078 94.479
20220818-211004_211.las 3963.576 -192682.229 36.231 4149.363 -192425.461 89.351
20220818-211004_212.las 3935.592 -192613.62 39.189 4064.704 -192436.862 97.669
20220818-211004_213.las 3964.022 -192615.702 36.71 4121.687 -192425.44 89.238
20220818-211004_214.las 3935.567 -192610.459 38.976 4089.806 -192436.834 97.747
20220818-211004_215.las 3944.397 -192732.202 37.149 4090.279 -192537.144 83.464
20220818-211004_217.las 3857.572 -192722.823 38.594 3974.5460000000003 -192590.931 83.054
20220818-211004_218.las 3792.6820000000002 -192709.574 37.528 3900.197 -192574.195 82.507
20220818-211004_219.las 3797.047 -192757.871 34.822 4005.973 -192638.931 83.056
20220818-211004_220.las 3947.338 -192795.788 33.231 4139.223 -192654.07 97.767
20220818-211004_221.las 4013.039 -192798.487 31.542 4162.386 -192540.433 90.916
20220818-211004_222.las 3881.437 -192594.905 36.733000000000004 4132.572 -192396.546 98.019
20220818-211004_223.las 3688.203 -192523.385 41.882 3940.859 -192362.313 86.276
20220818-211004_224.las 3687.808 -192649.47 40.751 3868.92 -192396.367 95.244
20220818-211004_225.las 3774.495 -192755.622 34.76 3943.804 -192579.214 78.754
20220818-211004_226.las 3884.315 -192777.464 33.119 4060.8920000000003 -192638.992 83.89
20220818-211004_227.las 3967.053 -192784.824 34.689 4106.738 -192579.995 80.282
20220818-211004_228.las 3980.31 -192619.347 40.097 4118.929 -192425.325 89.087
20220818-211004_229.las 3838.632 -192580.039 34.978 4073.876 -192398.88700000002 102.598
20220818-211004_230.las 3819.281 -192661.801 39.617 3949.561 -192517.611 86.94500000000001
20220818-211004_231.las 3835.045 -192647.369 39.663000000000004 3865.533 -192632.676 61.122
20220818-211004_232.las 3793.33 -192709.399 38.807 3883.293 -192585.52 71.379
20220818-211004_233.las 3796.924 -192808.889 33.7 3965.743 -192627.086 82.06
20220818-211004_234.las 3850.243 -192940.774 34.319 4017.114 -192771.492 76.058
20220818-211004_235.las 3915.119 -193107.799 32.439 4138.099 -192886.983 85.979
20220818-211004_236.las 4084.81 -193100.787 29.003 4236.709 -192945.487 88.87
20220818-211004_237.las 4069.629 -193007.063 30.342000000000002 4231.898 -192819.116 88.41
20220818-211004_238.las 3952.674 -192886.025 34.584 4191.946 -192751.446 93.791
20220818-211004_239.las 3911.926 -192880.42 34.369 4012.667 -192758.92 83.906
20220818-211004_240.las 3875.217 -192942.69700000001 34.066 4019.187 -192760.521 76.973
20220818-211004_241.las 3978.157 -192933.871 34.414 4129.983 -192807.038 96.616
20220818-211004_242.las 4066.895 -192924.231 31.107 4199.532 -192741.23200000002 93.147
20220818-211004_243.las 4093.7580000000003 -192853.518 34.547000000000004 4311.359 -192711.033 96.256
20220818-211004_244.las 4182.763 -192834.756 33.504 4364.342 -192643.051 99.604
20220818-211004_245.las 4111.12 -192761.231 36.921 4237.8330000000005 -192597.14 101.035
20220818-211004_246.las 4108.988 -192650.051 37.834 4242.29 -192525.448 82.738
20220818-211004_247.las 4045.44 -192586.665 36.237 4250.7390000000005 -192442.411 100.845
20220818-211004_248.las 4012.505 -192687.64800000002 36.711 4163.64 -192442.332 99.164
20220818-211004_249.las 4039.647 -192849.563 35.684 4206.167 -192614.486 96.803
20220818-211004_250.las 4110.505 -192776.328 35.933 4234.329 -192573.103 95.652
20220818-211004_251.las 4036.541 -192795.025 35.597 4198.659 -192561.64 93.36
20220818-211004_252.las 4069.8720000000003 -192862.786 35.606 4311.53 -192728.51 96.384
20220818-211004_253.las 4279.235 -192884.87 31.906000000000002 4616.064 -192731.13700000002 81.41
20220818-211004_254.las 4458.82 -193077.67500000002 29.719 4610.774 -192819.415 90.179
20220818-211004_255.las 4436.972 -193219.053 24.95 4581.6990000000005 -193038.563 70.786
20220818-211004_256.las 4481.39 -193233.524 24.773 4681.877 -193099.576 79.458
20220818-211004_257.las 4553.1230000000005 -193185.583 26.212 4690.512 -193027.62900000002 74.8
20220818-211004_258.las 4434.881 -193220.706 25.515 4608.475 -193010.85 79.178
20220818-211004_259.las 4400.734 -193412.401 28.419 4561.532 -193151.02 85.02
20220818-211004_260.las 4391.015 -193502.919 27.409 4546.915 -193360.87 76.532
20220818-211004_261.las 4485.112 -193511.71 26.687 4651.802 -193336.265 76.81400000000001
20220818-211004_262.las 4523.157 -193390.46300000002 29.974 4661.603 -193222.88700000002 76.554
20220818-211004_263.las 4473.6230000000005 -193382.729 29.087 4605.558 -193258.899 75.831
20220818-211004_264.las 4455.962 -193504.554 30.326 4588.826 -193329.56900000002 75.681
20220818-211004_265.las 4495.897 -193514.315 29.542 4719.457 -193382.352 71.19200000000001
20220818-211004_266.las 4610.917 -193467.286 25.91 4732.167 -193286.046 70.833
20220818-211004_267.las 4500.836 -193401.267 27.744 4647.219 -193268.60700000002 76.683
20220818-211004_268.las 4364.841 -193388.432 27.143 4568.781 -193248.109 84.718
20220818-211004_269.las 4325.613 -193498.564 29.042 4481.52 -193322.382 90.937
20220818-211004_270.las 4401.615 -193504.416 30.437 4599.817 -193373.055 75.985
20220818-211004_271.las 4544.075 -193521.603 26.178 4786.939 -193382.354 72.616
20220818-211004_272.las 4750.929 -193544.574 30.876 5051.884 -193389.059 74.60300000000001
20220818-211004_273.las 4996.706 -193556.723 30.716 5148.837 -193303.737 78.694
20220818-211004_274.las 5025.963 -193362.174 24.138 5187.558 -193030.798 73.092
20220818-211004_275.las 4855.396 -193133.135 26.842000000000002 5163.793 -192943.5 74.37
20220818-211004_276.las 4632.512 -193066.795 29.368000000000002 4922.695 -192882.333 91.798
20220818-211004_277.las 4586.911 -193091.469 25.035 4726.441 -192876.965 92.278
20220818-211004_278.las 4652.777 -193164.405 31.0 4787.7570000000005 -192970.981 74.897
20220818-211004_279.las 4702.811 -193172.181 30.062 4845.5960000000005 -192988.782 91.47200000000001
20220818-211004_280.las 4621.616 -193047.562 30.043 4852.304 -192878.015 90.56700000000001
20220818-211004_281.las 4453.187 -193005.411 27.504 4704.412 -192846.428 88.441
20220818-211004_282.las 4297.948 -192968.401 32.152 4508.838 -192835.131 81.375
20220818-211004_283.las 4290.081 -193055.83800000002 33.124 4475.125 -192894.449 75.786
20220818-211004_284.las 4324.35 -193053.518 31.177 4502.468 -192890.62600000002 86.299
20220818-211004_285.las 4290.696 -193022.741 32.660000000000004 4429.992 -192713.593 81.495
20220818-211004_286.las 4310.593 -192788.6 34.268 4526.765 -192620.606 95.47500000000001
20220818-211004_287.las 4305.278 -192834.651 31.756 4525.481 -192685.223 81.428
20220818-211004_288.las 4292.669 -192975.877 32.912 4430.427 -192801.774 81.359
20220818-211004_289.las 4290.048 -193075.614 30.740000000000002 4537.859 -192933.022 75.781
20220818-211004_290.las 4453.5380000000005 -193142.548 25.728 4596.534 -192956.19 83.866
20220818-211004_291.las 4505.96 -193142.351 28.514 4642.723 -192880.14 86.673
20220818-211004_292.las 4532.763 -193007.731 28.303 4731.256 -192860.158 88.483
20220818-211004_293.las 4684.003 -193058.90600000002 30.937 4938.283 -192880.655 91.23400000000001
20220818-211004_294.las 4869.817 -193136.392 26.62 5125.024 -192939.602 74.264
20220818-211004_295.las 5058.917 -193224.484 29.422 5199.116 -193019.611 71.862
20220818-211004_296.las 5037.8460000000005 -193307.48 26.999000000000002 5183.474 -193109.27300000002 71.82000000000001
20220818-211004_297.las 4911.861 -193213.895 29.778000000000002 5179.0380000000005 -193067.934 74.763
20220818-211004_298.las 4840.982 -193139.324 29.080000000000002 4990.282 -193001.938 78.486
20220818-211004_299.las 4710.484 -193119.778 28.952 4883.992 -192985.91700000002 82.98
20220818-211004_300.las 4584.166 -193103.704 28.47 4760.872 -192966.615 92.363
20220818-211004_301.las 4579.551 -193172.206 26.336000000000002 4803.362 -193028.26200000002 78.638
20220818-211004_302.las 4752.1810000000005 -193184.54 31.296 4932.848 -193046.007 85.441
20220818-211004_303.las 4860.878 -193224.139 30.097 5036.861 -193070.953 78.534
20220818-211004_304.las 4941.492 -193224.135 29.330000000000002 5083.851 -193077.046 70.33
20220818-211004_305.las 4895.452 -193177.673 29.13 4999.487 -193003.693 78.883
20220818-211004_306.las 4827.295 -193194.381 27.294 4957.816 -193001.831 78.557
20220818-211004_307.las 4822.022 -193273.765 27.222 4964.087 -193150.683 74.964
20220818-211004_308.las 4899.9890000000005 -193284.64 29.102 5073.274 -193140.717 73.771
20220818-211004_309.las 4907.369 -193191.428 29.417 5083.839 -193062.777 78.557
20220818-211004_310.las 4802.084 -193129.343 28.5 4986.579 -192997.375 83.181
20220818-211004_311.las 4709.885 -193145.103 29.234 4850.5470000000005 -192985.714 83.147
20220818-211004_312.las 4698.357 -193264.458 27.677 4867.109 -193079.595 89.877
20220818-211004_313.las 4797.696 -193303.64 28.335 5104.085 -193137.185 75.221
20220818-211004_314.las 5039.875 -193304.945 23.421 5183.825 -193097.52300000002 71.886
20220818-211004_315.las 4961.124 -193146.884 26.775000000000002 5189.7570000000005 -192981.109 71.312
20220818-211004_316.las 4710.273 -193089.717 27.011 5025.536 -192895.372 91.983
20220818-211004_317.las 4594.033 -193011.489 30.37 4774.636 -192814.964 88.393
20220818-211004_318.las 4469.581 -192903.643 26.024 4721.945 -192765.253 74.364
20220818-211004_319.las 4156.394 -192889.7 33.691 4524.164 -192746.405 95.95400000000001
20220818-211004_320.las 4079.4120000000003 -192900.661 30.214000000000002 4209.939 -192748.257 85.31
20220818-211004_321.las 4084.494 -192989.24300000002 30.561 4229.316 -192841.314 90.406
20220818-211004_322.las 4108.611 -193081.29 30.819 4247.359 -192917.957 88.69800000000001
20220818-211004_323.las 3985.759 -193132.477 33.825 4246.4490000000005 -192990.62 85.125
20220818-211004_324.las 3983.938 -193224.855 33.813 4154.117 -193045.147 84.027
20220818-211004_325.las 4026.259 -193458.484 26.407 4244.587 -193140.97400000002 88.92
20220818-211004_326.las 4143.345 -193550.111 30.21 4344.481 -193394.174 69.143
20220818-211004_327.las 4301.982 -193509.07 30.751 4467.831 -193368.908 76.08200000000001
20220818-211004_328.las 4420.381 -193504.578 30.471 4559.156 -193373.024 70.556
20220818-211004_329.las 4502.228 -193511.818 27.041 4652.43 -193336.363 76.679
20220818-211004_330.las 4530.481 -193410.56900000002 28.969 4693.784 -193271.36800000002 75.60300000000001
20220818-211004_331.las 4649.374 -193441.93600000002 28.891000000000002 4915.900000000001 -193281.823 71.671
20220818-211004_332.las 4797.74 -193420.32200000001 31.215 4983.877 -193216.856 75.904
20220818-211004_333.las 4949.762 -193409.43600000002 29.876 5114.642 -193224.791 76.426
20220818-211004_334.las 4907.6990000000005 -193412.756 29.627 5058.841 -193224.339 76.346
20220818-211004_335.las 4975.462 -193423.027 29.889 5114.491 -193225.111 66.321
20220818-211004_336.las 4946.049 -193423.323 23.492 5162.938 -193178.044 76.17
20220818-211004_337.las 4812.97 -193328.403 18.219 5018.452 -193162.429 75.173
20220818-211004_338.las 4700.61 -193372.977 29.171 4925.165 -193223.935 90.516
20220818-211004_339.las 4674.276 -193301.437 28.125 4820.2880000000005 -193139.006 91.578
20220818-211004_340.las 4560.289 -193287.267 25.357 4735.362 -193124.782 91.014
20220818-211004_341.las 4542.924 -193398.547 27.644000000000002 4681.296 -193215.665 75.63
20220818-211004_342.las 4636.592 -193425.019 28.974 4837.887 -193281.93 68.683
20220818-211004_343.las 4656.339 -193357.011 27.677 4851.555 -193223.719 92.688
20220818-211004_344.las 4549.503 -193347.62 29.37 4711.247 -193204.861 90.708
20220818-211004_345.las 4528.642 -193511.181 25.288 4669.513 -193288.7 76.871
20220818-211004_346.las 4633.8460000000005 -193527.155 28.037 4866.712 -193386.332 70.356
20220818-211004_347.las 4785.224 -193527.777 27.911 4941.568 -193242.883 74.348
20220818-211004_348.las 4742.304 -193286.40600000002 27.251 4946.303 -193150.651 90.479
20220818-211004_349.las 4585.091 -193268.846 25.308 4810.401 -193122.575 85.15
20220818-211004_350.las 4426.143 -193289.158 25.047 4649.03 -193105.055 85.352
20220818-211004_351.las 4396.201 -193429.87 27.943 4534.615 -193218.764 74.741
20220818-211004_352.las 4391.062 -193500.053 27.249000000000002 4554.49 -193368.092 76.389
20220818-211004_353.las 4501.518 -193511.853 26.986 4654.008 -193317.02300000002 76.761
20220818-211004_354.las 4533.986 -193385.403 29.338 4705.231 -193109.511 89.141
20220818-211004_355.las 4641.733 -193265.71600000001 28.038 4893.747 -193124.551 89.043
20220818-211004_356.las 4819.727 -193268.749 24.961000000000002 4962.514 -193015.2 78.602
20220818-211004_357.las 4838.281 -193069.53100000002 27.394000000000002 4977.119 -192888.904 74.517
20220818-211004_358.las 4680.336 -192932.78100000002 27.453 4977.226 -192777.336 68.758
20220818-211004_359.las 4604.985 -192899.585 30.664 4735.586 -192709.834 70.84400000000001
20220818-211004_360.las 4614.899 -192768.878 27.823 4758.916 -192531.03 78.174
20220818-211004_361.las 4458.869 -192663.389 34.325 4683.576 -192521.893 90.47200000000001
20220818-211004_362.las 4226.347 -192667.87900000002 34.724000000000004 4504.032 -192478.058 98.048
20220818-211004_363.las 4009.924 -192597.941 36.015 4283.778 -192441.352 100.512
20220818-211004_364.las 4010.948 -192794.948 36.534 4182.35 -192536.882 92.97500000000001
20220818-211004_365.las 4063.867 -193018.318 29.177 4237.9490000000005 -192754.911 88.85000000000001
20220818-211004_366.las 4035.371 -193120.804 34.265 4245.872 -192952.517 85.169
20220818-211004_367.las 3818.098 -193152.64 30.021 4093.878 -192998.949 89.503
20220818-211004_368.las 3587.774 -193210.702 31.359 3873.592 -193037.568 94.905
20220818-211004_369.las 3462.612 -193230.719 32.985 3643.832 -193085.228 93.155
20220818-211004_370.las 3258.313 -193284.26200000002 36.148 3534.7780000000002 -193116.4 94.717
20220818-211004_371.las 3125.1 -193307.502 35.689 3325.014 -193154.1 100.422
20220818-211004_372.las 3092.824 -193196.037 39.300000000000004 3235.7290000000003 -193043.435 82.91
20220818-211004_373.las 3063.843 -193103.389 39.509 3218.781 -192952.043 100.256
20220818-211004_374.las 3042.538 -193014.453 41.902 3178.455 -192881.22400000002 78.362
20220818-211004_375.las 2846.975 -193049.834 40.305 3072.446 -192903.426 85.075
20220818-211004_376.las 2572.217 -193126.24 38.945 2916.504 -192927.807 88.57300000000001
20220818-211004_377.las 2387.002 -193149.381 42.151 2646.074 -193000.62 76.479
20220818-211004_378.las 2238.15 -193143.646 32.235 2503.2110000000002 -192961.075 67.34100000000001
20220818-211004_379.las 1995.731 -193037.395 34.839 2320.096 -192770.17500000002 74.543
20220818-211004_380.las 1987.894 -193020.149 37.549 2302.138 -192764.413 74.523
20220818-211004_381.las 2258.956 -193125.899 34.858000000000004 2533.275 -192955.802 69.62
20220818-211004_382.las 2489.664 -193125.961 41.139 2682.784 -192984.36000000002 79.539
20220818-211004_383.las 2562.064 -193322.131 40.742 2737.652 -193015.257 89.19200000000001
20220818-211004_384.las 2667.279 -193341.101 40.797000000000004 2903.196 -193196.456 92.526
20220818-211004_385.las 2863.0750000000003 -193356.354 39.385 3079.25 -193213.106 86.896
20220818-211004_386.las 3043.346 -193329.212 38.807 3351.377 -193142.769 98.44800000000001
20220818-211004_387.las 3270.1 -193268.727 33.907000000000004 3589.407 -193093.613 93.539
20220818-211004_388.las 3541.817 -193209.372 31.080000000000002 3840.5 -193030.03100000002 89.426
20220818-211004_389.las 3784.62 -193157.864 29.984 4068.911 -192980.92500000002 85.879
20220818-211004_390.las 3907.0860000000002 -193053.664 33.92 4069.373 -192888.051 90.269
20220818-211004_391.las 3814.108 -192937.021 35.300000000000004 4018.021 -192662.155 82.22500000000001
20220818-211004_392.las 3718.4990000000003 -192729.462 38.787 3916.71 -192440.252 94.004
20220818-211004_393.las 3594.214 -192508.46300000002 38.984 3811.371 -192316.111 92.09700000000001
20220818-211004_394.las 3437.947 -192498.559 44.028 3652.12 -192337.071 88.104
20220818-211004_395.las 3325.706 -192532.094 39.63 3507.11 -192379.34100000001 79.318
20220818-211004_396.las 3063.507 -192588.953 38.233000000000004 3395.7290000000003 -192408.706 84.57900000000001
20220818-211004_397.las 2937.01 -192623.256 42.774 3137.926 -192469.969 90.60600000000001
20220818-211004_398.las 2752.581 -192662.63 42.42 2975.984 -192502.882 98.714
20220818-211004_399.las 2641.917 -192694.712 44.375 2793.917 -192548.824 79.44
20220818-211004_400.las 2532.032 -192825.464 43.244 2686.658 -192577.433 96.493
20220818-211004_401.las 2512.98 -193031.793 41.939 2667.161 -192733.812 90.304
20220818-211004_402.las 2548.827 -193100.84900000002 37.886 2758.698 -192954.56100000002 84.102
20220818-211004_403.las 2709.217 -193077.813 41.546 2897.746 -192926.117 88.36
20220818-211004_404.las 2848.8650000000002 -193044.74300000002 40.45 3028.763 -192898.00400000002 82.516
20220818-211004_405.las 2987.486 -193018.77300000002 38.207 3251.797 -192843.081 81.58
20220818-211004_406.las 3193.739 -192967.71 37.102000000000004 3478.643 -192796.057 94.507
20220818-211004_407.las 3433.155 -192903.384 36.561 3649.6150000000002 -192766.44400000002 92.516
20220818-211004_408.las 3614.228 -192889.806 34.131 3874.217 -192753.639 92.611
20220818-211004_409.las 3816.561 -192875.98200000002 33.164 4053.254 -192742.389 89.527
20220818-211004_410.las 4015.886 -192868.874 32.643 4417.71 -192728.50400000002 95.785
20220818-211004_411.las 4392.878 -192906.002 27.164 4853.275000000001 -192740.305 79.004
20220818-211004_412.las 4806.701 -192932.289 27.27 5049.99 -192781.859 71.925
20220818-211004_413.las 5006.785 -192950.688 26.054000000000002 5216.798 -192806.708 74.646
20220818-211004_414.las 5101.698 -192893.302 27.447 5249.9130000000005 -192618.421 78.96600000000001
20220818-211004_415.las 5013.442 -192715.127 30.329 5250.142 -192579.847 79.431
20220818-211004_416.las 4782.294 -192704.038 29.485 5077.92 -192547.834 82.38
20220818-211004_417.las 4558.095 -192677.028 34.392 4849.655 -192521.97400000002 85.058
20220818-211004_418.las 4333.5650000000005 -192668.11000000002 34.776 4614.455 -192508.221 98.05
20220818-211004_419.las 4009.4010000000003 -192616.873 36.194 4397.414 -192431.14 100.492
20220818-211004_420.las 3827.54 -192547.90600000002 37.14 4072.715 -192389.46300000002 98.092
20220818-211004_421.las 3685.6530000000002 -192510.402 42.543 3874.7780000000002 -192363.269 88.705
20220818-211004_422.las 3685.813 -192691.594 40.038000000000004 3896.049 -192409.464 95.251
20220818-211004_423.las 3796.855 -192846.46 34.344 3974.322 -192619.189 82.381
20220818-211004_424.las 3850.804 -193033.377 33.717 4070.233 -192771.99300000002 85.998
20220818-211004_425.las 3957.2470000000003 -193331.563 26.415 4192.189 -192978.479 85.283
20220818-211004_426.las 4080.387 -193524.346 26.489 4274.881 -193270.48200000002 88.827
20220818-211004_427.las 4176.143 -193550.011 29.446 4411.117 -193387.085 72.021
20220818-211004_428.las 4351.12 -193500.041 30.561 4554.654 -193369.655 76.055
20220818-211004_429.las 4501.85 -193511.539 26.549 4652.578 -193325.089 76.715
20220818-211004_430.las 4528.445 -193382.325 29.283 4667.679 -193202.64800000002 88.708
20220818-211004_431.las 4484.142 -193242.192 24.009 4677.375 -193100.951 79.468
20220818-211004_432.las 4430.627 -193226.976 29.574 4563.861 -193027.208 70.864
20220818-211004_433.las 4384.469 -193163.784 27.409 4568.085 -193014.121 81.31
20220818-211004_434.las 4442.634 -193093.834 29.768 4582.188 -192916.028 85.788
20220818-211004_435.las 4467.162 -192991.114 30.400000000000002 4650.273 -192848.286 86.57300000000001
20220818-211004_436.las 4479.572 -193145.749 28.203 4642.874 -192942.812 85.69500000000001
20220818-211004_437.las 4436.962 -193214.614 24.963 4568.31 -193010.9 70.773
20220818-211004_438.las 4461.285 -193240.01 24.481 4708.3640000000005 -193091.962 79.438
20220818-211004_439.las 4646.331 -193278.88 28.45 5023.776 -193121.437 88.71600000000001
20220818-211004_440.las 4970.095 -193305.037 23.427 5193.733 -193021.943 88.583
20220818-211004_441.las 5073.658 -193080.44400000002 26.285 5214.957 -192837.946 88.9
20220818-211004_442.las 4690.42 -192966.196 27.049 5124.415 -192789.35 69.238
20220818-211004_443.las 4469.912 -192913.726 27.224 4740.778 -192766.416 74.385
20220818-211004_444.las 4143.508 -192889.609 33.636 4524.7210000000005 -192741.067 94.577
20220818-211004_445.las 4026.3 -192870.396 33.703 4189.107 -192625.23500000002 94.421
20220818-211004_446.las 3968.851 -192691.382 35.321 4152.395 -192290.695 99.002
20220818-211004_447.las 3768.28 -192396.358 39.707 4082.283 -192226.275 103.11500000000001
20220818-211004_448.las 3648.686 -192427.627 41.491 3829.6240000000003 -192281.29200000002 93.374
20220818-211004_449.las 3567.313 -192415.63700000002 42.341 3748.996 -192153.123 102.233
20220818-211004_450.las 3393.474 -192345.23500000002 41.816 3663.835 -192151.074 104.447
20220818-211004_451.las 3154.174 -192402.286 39.427 3447.159 -192224.518 99.385
20220818-211004_452.las 3033.8650000000002 -192433.973 42.373 3224.672 -192283.45500000002 99.539
20220818-211004_453.las 2890.915 -192459.69700000001 43.084 3059.672 -192285.09900000002 102.767
20220818-211004_454.las 2828.478 -192340.823 42.709 3006.945 -192192.934 95.025
20220818-211004_455.las 2800.232 -192494.748 41.115 2970.693 -192209.685 93.177
20220818-211004_456.las 2849.2110000000002 -192702.082 39.035000000000004 3016.927 -192448.025 93.646
20220818-211004_457.las 2892.378 -192890.659 39.618 3056.687 -192647.275 86.132
20220818-211004_458.las 2944.862 -193151.685 32.624 3129.756 -192851.807 88.389
20220818-211004_459.las 3012.9900000000002 -193297.56900000002 38.162 3158.14 -193098.646 87.41
20220818-211004_460.las 3030.83 -193501.445 35.084 3237.4500000000003 -193228.755 91.08
20220818-211004_461.las 3145.2110000000002 -193555.082 34.606 3389.636 -193392.28 89.077
20220818-211004_462.las 3327.466 -193656.738 30.097 3614.1820000000002 -193448.571 81.906
20220818-211004_463.las 3537.243 -193737.972 28.23 3818.849 -193568.784 89.852
20220818-211004_464.las 3754.245 -193725.802 31.488 3928.533 -193483.759 88.232
20220818-211004_465.las 3688.965 -193562.881 33.208 3886.9010000000003 -193319.836 83.73
20220818-211004_466.las 3532.387 -193410.673 33.796 3805.9990000000003 -193006.763 89.197
20220818-211004_467.las 3466.665 -193067.469 38.417 3659.478 -192846.696 89.929
20220818-211004_468.las 3346.058 -192910.12600000002 38.138 3578.1330000000003 -192558.788 96.646
20220818-211004_469.las 3221.7090000000003 -192638.268 37.079 3455.486 -192307.087 92.039
20220818-211004_470.las 3145.8940000000002 -192396.044 40.278 3339.052 -192121.128 93.331
20220818-211004_471.las 3001.8650000000002 -192276.014 43.187 3210.842 -192135.226 90.887
20220818-211004_472.las 2976.746 -192389.886 44.726 3135.398 -192162.202 103.69200000000001
20220818-211004_473.las 3008.77 -192490.921 42.293 3159.872 -192341.403 84.84100000000001
20220818-211004_474.las 3030.09 -192571.345 38.846000000000004 3179.054 -192414.837 85.992
20220818-211004_475.las 3134.6620000000003 -192560.729 38.889 3326.422 -192410.31100000002 82.587
20220818-211004_476.las 3260.67 -192535.11000000002 37.739000000000004 3508.15 -192369.144 87.837
20220818-211004_477.las 3434.6910000000003 -192492.526 40.713 3768.533 -192300.358 92.276
20220818-211004_478.las 3661.138 -192516.26 42.28 3944.981 -192324.449 95.908
20220818-211004_479.las 3897.822 -192629.594 39.632 4150.432 -192388.769 97.113
20220818-211004_480.las 4032.3430000000003 -192793.981 36.341 4179.647 -192561.38700000002 93.404
20220818-211004_481.las 4063.102 -193018.143 28.93 4237.524 -192745.184 89.541
20220818-211004_482.las 4014.9970000000003 -193120.671 33.415 4246.12 -192962.752 85.10600000000001
20220818-211004_483.las 3726.8430000000003 -193178.635 30.742 4080.63 -192998.149 90.154
20220818-211004_484.las 3532.17 -193219.149 33.948 3784.4320000000002 -193059.843 92.858
20220818-211004_485.las 3316.857 -193257.498 33.207 3569.561 -193099.303 94.649
20220818-211004_486.las 3074.8630000000003 -193326.426 35.763 3376.843 -193145.496 97.224
20220818-211004_487.las 2999.3740000000003 -193331.331 38.791000000000004 3147.159 -193075.268 82.908
20220818-211004_488.las 2979.236 -193136.326 38.61 3117.523 -193013.277 88.464
20220818-211004_489.las 2941.375 -193053.456 37.697 3095.713 -192796.344 88.25
20220818-211004_490.las 2882.476 -192855.465 38.728 3052.481 -192573.852 88.878
20220818-211004_491.las 2854.581 -192633.145 38.813 2997.635 -192520.67 89.672
20220818-211004_492.las 2810.209 -192574.704 41.439 2981.754 -192421.533 92.021
20220818-211004_493.las 2675.593 -192585.967 44.182 2886.5950000000003 -192439.534 87.239
20220818-211004_494.las 2673.7980000000002 -192657.16700000002 44.847 2829.2690000000002 -192528.719 80.878
20220818-211004_495.las 2773.852 -192647.31100000002 43.316 2954.734 -192490.015 88.081
20220818-211004_496.las 2835.822 -192615.57 39.35 2982.756 -192384.214 92.604
20220818-211004_497.las 2697.477 -192520.712 40.842 2946.32 -192361.253 84.518
20220818-211004_498.las 2576.2980000000002 -192552.835 43.561 2749.962 -192400.456 97.85000000000001
20220818-211004_499.las 2564.094 -192683.989 42.969 2727.393 -192467.785 96.702
20220818-211004_500.las 2672.245 -192672.913 41.508 2929.919 -192496.883 90.645
20220818-211004_501.las 2886.547 -192625.09900000002 42.265 3095.754 -192472.246 94.146
20220818-211004_502.las 3042.463 -192583.112 38.74 3214.192 -192434.32 84.373
20220818-211004_503.las 3167.9610000000002 -192574.924 38.079 3438.885 -192401.564 84.10300000000001
20220818-211004_504.las 3318.377 -192830.098 36.357 3562.859 -192476.851 98.743
20220818-211004_505.las 3449.619 -193177.208 31.237000000000002 3719.181 -192769.79 89.85000000000001
20220818-211004_506.las 3594.549 -193363.253 29.889 3801.39 -193092.662 95.48400000000001
20220818-211004_507.las 3690.765 -193676.443 30.92 3949.417 -193293.818 91.35900000000001
20220818-211004_508.las 3836.08 -193683.703 26.511 4104.154 -193508.984 91.32300000000001
20220818-211004_509.las 4039.212 -193618.013 32.082 4231.561 -193450.524 77.827
20220818-211004_510.las 4126.812 -193567.56900000002 31.029 4282.372 -193355.73500000002 92.471
20220818-211004_511.las 4051.33 -193427.238 28.894000000000002 4238.037 -193220.356 92.334
20220818-211004_512.las 3880.227 -193290.979 29.106 4174.415 -193125.594 84.098
20220818-211004_513.las 3723.876 -193334.682 32.027 3959.6440000000002 -193177.266 81.69500000000001
20220818-211004_514.las 3680.7780000000002 -193421.02300000002 34.554 3879.905 -193226.00400000002 85.06
20220818-211004_515.las 3819.51 -193391.227 33.809 4017.992 -193256.622 81.235
20220818-211004_516.las 3960.726 -193403.801 32.965 4074.331 -193226.969 80.792
20220818-211004_517.las 3789.63 -193444.143 33.267 4001.751 -193313.901 94.529
20220818-211004_518.las 3737.376 -193502.166 33.366 3881.197 -193338.312 80.935
20220818-211004_519.las 3757.507 -193534.536 32.304 4046.1040000000003 -193364.885 89.473
20220818-211004_520.las 3982.893 -193480.908 30.68 4184.904 -193318.51 93.96600000000001
20220818-211004_521.las 4051.318 -193440.127 28.044 4228.61 -193212.742 92.921
20220818-211004_522.las 3980.3830000000003 -193284.852 33.708 4167.182 -193061.981 84.001
20220818-211004_523.las 3849.78 -193151.65 28.569 4099.064 -193005.99 96.414
20220818-211004_524.las 3855.6240000000003 -193240.959 33.498 3999.219 -193102.096 83.79
20220818-211004_525.las 3902.628 -193339.878 28.891000000000002 4071.1420000000003 -193174.62900000002 81.268
20220818-211004_526.las 3949.8050000000003 -193492.889 29.988 4123.935 -193275.809 84.107
20220818-211004_527.las 4021.435 -193593.209 31.886 4199.8330000000005 -193419.824 78.48
20220818-211004_528.las 4089.071 -193569.853 29.495 4229.32 -193366.71 94.05
20220818-211004_529.las 3943.23 -193483.646 29.427 4169.361 -193335.33800000002 91.473
20220818-211004_530.las 3962.821 -193588.801 32.547000000000004 4103.709 -193430.21300000002 78.0
20220818-211004_531.las 4000.601 -193618.00100000002 30.742 4266.62 -193438.228 78.18900000000001
20220818-211004_532.las 4086.716 -193564.777 28.799 4283.658 -193277.247 92.637
20220818-211004_533.las 3987.128 -193351.426 30.122 4194.761 -193051.285 85.69500000000001
20220818-211004_534.las 3892.454 -193206.59900000002 30.351 4063.397 -193050.915 93.965
20220818-211004_535.las 3776.962 -193243.869 34.808 3963.763 -193083.986 92.141
20220818-211004_536.las 3647.475 -193299.394 35.576 3816.996 -193136.941 88.762
20220818-211004_537.las 3661.259 -193503.255 33.343 3880.88 -193232.035 83.452
20220818-211004_538.las 3757.592 -193811.918 30.702 4021.554 -193431.846 91.425
20220818-211004_539.las 3900.006 -193873.521 28.587 4086.045 -193735.802 70.568
20220818-211004_540.las 3989.021 -193848.214 29.766000000000002 4157.094 -193619.622 91.694
20220818-211004_541.las 3909.414 -193697.744 30.515 4106.814 -193416.45500000002 90.581
20220818-211004_542.las 3831.23 -193510.528 31.412 4006.501 -193299.288 80.331
20220818-211004_543.las 3788.36 -193365.12 30.447 3952.971 -193206.445 81.655
20220818-211004_544.las 3733.957 -193238.92500000002 34.61 3884.164 -193076.403 88.453
20220818-211004_545.las 3678.602 -193149.008 32.022 3860.013 -192991.265 82.407
20220818-211004_546.las 3637.141 -193033.005 33.707 3805.886 -192874.818 73.554
20220818-211004_547.las 3592.447 -192935.271 36.219 3757.187 -192772.037 97.272
20220818-211004_548.las 3518.909 -192856.102 37.236000000000004 3708.578 -192637.615 83.992
20220818-211004_549.las 3455.957 -192706.365 37.800000000000004 3638.398 -192479.064 82.175
20220818-211004_550.las 3398.687 -192525.221 40.765 3537.661 -192375.555 98.638
20220818-211004_551.las 3347.148 -192462.342 42.255 3524.982 -192232.402 104.897
20220818-211004_552.las 3285.741 -192378.171 43.602000000000004 3402.422 -192232.67 76.48
20220818-211004_553.las 3220.044 -192419.873 40.346000000000004 3369.882 -192256.543 72.962
20220818-211004_554.las 3247.177 -192571.642 37.853 3443.587 -192334.283 82.759
20220818-211004_555.las 3325.0570000000002 -192609.958 38.866 3530.869 -192450.688 97.807
20220818-211004_556.las 3431.081 -192736.584 36.934 3587.1 -192563.046 100.767
20220818-211004_557.las 3471.1220000000003 -192802.293 36.718 3625.448 -192663.75 99.298
20220818-211004_558.las 3446.558 -192891.747 39.136 3586.628 -192722.027 96.235
20220818-211004_559.las 3493.486 -192892.645 38.619 3691.902 -192758.066 92.56400000000001
20220818-211004_560.las 3586.494 -192883.805 33.901 3743.674 -192705.745 86.178
20220818-211004_561.las 3705.62 -192879.471 33.804 3873.0 -192705.545 88.319
20220818-211004_562.las 3800.5460000000003 -192872.874 35.429 3959.199 -192743.652 78.157
20220818-211004_563.las 3780.205 -192821.882 37.207 3959.199 -192646.826 94.715
20220818-211004_564.las 3708.656 -192707.46300000002 37.243 3891.274 -192451.714 82.502
20220818-211004_565.las 3647.623 -192574.309 44.387 3818.486 -192399.638 85.015
20220818-211004_566.las 3610.727 -192704.411 38.761 3759.549 -192490.77300000002 93.19800000000001
20220818-211004_567.las 3532.658 -192763.206 36.119 3714.189 -192637.402 78.45700000000001
20220818-211004_568.las 3550.257 -192721.195 39.051 3725.858 -192537.154 96.736
20220818-211004_569.las 3655.869 -192782.45 36.44 3797.726 -192604.577 95.372
20220818-211004_570.las 3695.297 -192880.22400000002 33.867 3845.25 -192716.278 93.28
20220818-211004_571.las 3783.302 -192872.858 34.214 3908.1530000000002 -192745.782 78.089
20220818-211004_572.las 3808.0370000000003 -192863.038 36.339 3959.199 -192697.18 82.151
20220818-211004_573.las 3647.476 -192809.403 35.06 3838.6890000000003 -192661.799 87.747
20220818-211004_574.las 3497.328 -192763.002 35.762 3696.922 -192630.652 96.83200000000001
20220818-211004_575.las 3411.55 -192782.98500000002 39.230000000000004 3555.405 -192634.91 100.892
20220818-211004_576.las 3418.058 -192885.366 35.447 3586.581 -192696.967 98.081
20220818-211004_577.las 3477.884 -192893.86800000002 38.919000000000004 3674.4210000000003 -192775.689 92.605
20220818-211004_578.las 3542.702 -192884.063 33.788000000000004 3712.231 -192683.44400000002 80.783
20220818-211004_579.las 3488.1800000000003 -192717.315 37.354 3657.533 -192544.377 81.929
20220818-211004_580.las 3496.088 -192621.528 40.342 3641.28 -192435.435 101.286
20220818-211004_581.las 3486.761 -192525.414 44.789 3633.89 -192330.049 103.333
20220818-211004_582.las 3502.364 -192438.535 41.772 3651.964 -192250.384 92.379
20220818-211004_583.las 3520.2380000000003 -192369.844 44.795 3699.672 -192186.533 92.19
20220818-211004_584.las 3471.438 -192285.055 42.611000000000004 3624.1530000000002 -192086.536 95.995
20220818-211004_585.las 3545.535 -192196.451 45.038000000000004 3679.399 -192041.85700000002 97.808
20220818-211004_586.las 3479.82 -192143.24 39.768 3667.788 -192013.558 104.943
20220818-211004_587.las 3485.024 -192213.457 45.496 3650.951 -192087.878 85.95700000000001
20220818-211004_588.las 3541.587 -192196.274 41.157000000000004 3679.771 -192002.6 103.462
20220818-211004_589.las 3500.549 -192073.044 39.857 3662.887 -191760.938 88.542
20220818-211004_590.las 3393.405 -191893.364 41.622 3618.513 -191749.382 80.168
20220818-211004_591.las 3247.071 -191945.12900000002 43.699 3442.253 -191785.045 93.05
20220818-211004_592.las 3150.33 -191968.345 44.503 3314.908 -191820.043 95.98100000000001
20220818-211004_593.las 3096.822 -192044.397 44.724000000000004 3241.81 -191847.681 102.758
20220818-211004_594.las 3124.344 -192109.42 40.666000000000004 3288.1130000000003 -191967.967 98.894
20220818-211004_595.las 3257.5660000000003 -192083.318 43.024 3493.837 -191919.047 83.642
20220818-211004_596.las 3440.062 -192043.59900000002 39.432 3650.168 -191888.496 88.613
20220818-211004_597.las 3497.016 -191943.852 44.373 3649.311 -191736.65600000002 81.44200000000001
20220818-211004_598.las 3418.3360000000002 -191848.386 40.253 3615.36 -191700.692 88.169
20220818-211004_599.las 3334.656 -191905.212 44.858000000000004 3481.9610000000002 -191727.771 76.593
20220818-211004_600.las 3357.803 -192098.06100000002 43.892 3516.712 -191868.516 84.042
20220818-211004_601.las 3399.132 -192258.595 42.736000000000004 3619.07 -192037.782 97.022
20220818-211004_602.las 3505.16 -192289.044 43.86 3657.3050000000003 -192157.635 97.845
20220818-211004_603.las 3548.013 -192270.624 45.18 3689.735 -192056.649 105.431
20220818-211004_604.las 3441.59 -192170.916 39.875 3668.137 -192014.02 104.79
20220818-211004_605.las 3275.464 -192199.228 43.11 3516.56 -192049.921 95.479
20220818-211004_606.las 3244.606 -192171.598 43.121 3399.21 -191972.225 95.69200000000001
20220818-211004_607.las 3215.449 -191991.568 43.986000000000004 3359.431 -191834.173 94.94
20220818-211004_608.las 3170.26 -191870.571 40.449 3333.002 -191710.218 83.259
20220818-211004_609.las 3139.0570000000002 -191948.095 40.774 3287.136 -191729.41700000002 95.839
20220818-211004_610.las 3167.0660000000003 -192074.839 42.725 3317.736 -191873.453 98.36500000000001
20220818-211004_611.las 3197.538 -192195.673 43.963 3347.694 -192009.738 105.693
20220818-211004_612.las 3178.157 -192239.161 44.249 3347.438 -192098.845 92.19500000000001
20220818-211004_613.las 3158.993 -192333.668 42.614000000000004 3324.9500000000003 -192117.68 80.177
20220818-211004_614.las 3210.009 -192517.951 37.482 3402.656 -192261.443 76.997
20220818-211004_615.las 3341.42 -192515.237 42.747 3580.439 -192351.29200000002 94.377
20220818-211004_616.las 3446.879 -192403.257 45.755 3604.591 -192272.833 107.488
20220818-211004_617.las 3537.804 -192386.853 44.493 3699.645 -192246.931 92.339
20220818-211004_618.las 3512.382 -192332.787 41.325 3676.684 -192184.401 87.7
20220818-211004_619.las 3348.418 -192352.32 46.544000000000004 3558.232 -192191.02 104.882
20220818-211004_620.las 3348.0570000000002 -192450.321 43.758 3515.9320000000002 -192271.76 105.762
20220818-211004_621.las 3382.569 -192508.816 43.21 3533.453 -192366.495 79.444
20220818-211004_622.las 3305.265 -192685.315 38.852000000000004 3495.458 -192388.665 99.296
20220818-211004_623.las 3373.866 -192893.179 39.157000000000004 3607.36 -192598.818 99.965
20220818-211004_624.las 3547.587 -192892.52300000002 34.417 3825.578 -192753.748 92.641
20220818-211004_625.las 3774.7690000000002 -192880.271 34.318 3943.965 -192745.145 84.351
20220818-211004_626.las 3741.867 -192860.734 36.439 3959.001 -192697.317 82.208
20220818-211004_627.las 3697.785 -192760.377 36.135 3850.481 -192581.393 94.805
20220818-211004_628.las 3730.282 -192688.449 39.422000000000004 3869.405 -192527.038 80.514
20220818-211004_629.las 3711.09 -192595.12600000002 42.814 3848.2670000000003 -192438.89 80.894
20220818-211004_630.las 3599.6800000000003 -192507.2 40.671 3811.35 -192316.846 92.108
20220818-211004_631.las 3382.701 -192520.943 42.472 3675.003 -192329.143 92.19200000000001
20220818-211004_632.las 3300.089 -192686.72 36.237 3484.8830000000003 -192391.654 98.32600000000001
20220818-211004_633.las 3370.675 -192830.201 35.686 3562.829 -192609.795 98.58500000000001
20220818-211004_634.las 3453.1150000000002 -193069.153 33.572 3656.098 -192785.33000000002 89.881
20220818-211004_635.las 3551.678 -193176.113 32.949 3710.337 -193000.843 83.433
20220818-211004_636.las 3393.427 -193242.375 32.391 3712.7760000000003 -193076.79 97.669
20220818-211004_637.las 3170.408 -193296.576 35.299 3454.339 -193132.378 97.129
20220818-211004_638.las 3038.9410000000003 -193331.627 38.581 3225.129 -193186.08800000002 97.059
20220818-211004_639.las 3036.91 -193436.346 38.304 3184.704 -193250.073 89.348
20220818-211004_640.las 3058.899 -193503.437 34.662 3247.389 -193368.506 82.0
20220818-211004_641.las 3158.757 -193508.302 35.733000000000004 3307.179 -193301.255 97.937
20220818-211004_642.las 3142.564 -193357.116 37.953 3275.7670000000003 -193249.825 100.14
20220818-211004_643.las 3124.1 -193290.549 37.89 3258.159 -193185.549 96.744
20220818-211004_644.las 3034.4230000000002 -193331.189 39.654 3181.968 -193190.96600000001 96.96300000000001
20220818-211004_645.las 3006.632 -193301.558 39.319 3151.26 -193122.784 82.985
20220818-211004_646.las 2976.485 -193160.706 39.204 3120.303 -192958.402 88.632
20220818-211004_647.las 2963.804 -193010.63700000002 39.03 3145.157 -192867.457 84.311
20220818-211004_648.las 3107.239 -192988.105 34.951 3264.881 -192841.65600000002 81.715
20220818-211004_649.las 3136.544 -192961.238 36.495 3277.736 -192786.435 83.21600000000001
20220818-211004_650.las 3107.076 -192807.901 40.718 3248.368 -192685.092 77.638
20220818-211004_651.las 3109.756 -192724.636 41.004 3223.8340000000003 -192618.348 77.146
20220818-211004_652.las 3073.0840000000003 -192672.75400000002 41.79 3215.218 -192551.564 87.265
20220818-211004_653.las 3072.311 -192611.73200000002 42.677 3198.814 -192539.933 85.165
20220818-211004_654.las 3014.228 -192607.179 42.438 3184.841 -192468.99300000002 86.36
20220818-211004_655.las 2919.9880000000003 -192627.603 43.871 3066.326 -192496.451 89.762
20220818-211004_656.las 2875.788 -192750.397 39.641 3034.631 -192511.468 88.773
20220818-211004_657.las 2919.8360000000002 -192848.956 40.762 3051.621 -192706.152 85.974
20220818-211004_658.las 2935.521 -193004.70500000002 37.817 3113.141 -192805.661 85.104
20220818-211004_659.las 3065.747 -192997.524 33.621 3248.022 -192849.159 81.60600000000001
20220818-211004_660.las 3192.685 -192968.565 37.097 3433.199 -192814.66 94.52
20220818-211004_661.las 3326.12 -192910.142 37.706 3479.716 -192721.323 99.214
20220818-211004_662.las 3272.0190000000002 -192807.891 40.405 3432.742 -192617.977 96.358
20220818-211004_663.las 3250.321 -192678.937 41.876 3389.626 -192580.518 91.759
20220818-211004_664.las 3302.958 -192638.09100000001 38.079 3437.9900000000002 -192478.02300000002 88.49
20220818-211004_665.las 3219.6710000000003 -192630.69700000001 42.098 3357.844 -192490.169 84.29
20220818-211004_666.las 3142.139 -192632.99 39.486000000000004 3251.0550000000003 -192502.86800000002 82.32600000000001
20220818-211004_667.las 3032.672 -192662.441 42.412 3173.481 -192524.73200000002 88.165
20220818-211004_668.las 2946.1910000000003 -192673.755 41.528 3074.533 -192557.51 81.08200000000001
20220818-211004_669.las 2934.9880000000003 -192625.422 43.075 3060.4790000000003 -192499.559 89.163
20220818-211004_670.las 2835.792 -192654.867 41.336 2976.231 -192506.212 98.46900000000001
20220818-211004_671.las 2775.761 -192728.43 42.486000000000004 2910.083 -192535.877 98.846
20220818-211004_672.las 2835.882 -192770.69700000001 42.832 2957.122 -192606.97400000002 98.796
20220818-211004_673.las 2750.61 -192790.44400000002 43.033 2895.8070000000002 -192653.668 91.058
20220818-211004_674.las 2667.174 -192806.548 43.648 2813.121 -192672.938 92.819
20220818-211004_675.las 2649.824 -192739.036 43.853 2776.684 -192597.437 92.95100000000001
20220818-211004_676.las 2698.67 -192753.255 42.957 2845.2960000000003 -192580.946 88.244
20220818-211004_677.las 2780.435 -192742.348 42.941 2955.448 -192605.25400000002 98.82900000000001
20220818-211004_678.las 2796.168 -192782.45 41.723 2959.01 -192643.378 90.828
20220818-211004_679.las 2634.781 -192812.757 43.271 2836.128 -192672.365 92.495
20220818-211004_680.las 2593.868 -192828.354 43.59 2725.079 -192655.279 87.17
20220818-211004_681.las 2649.759 -192757.225 43.723 2776.782 -192637.31 93.028
20220818-211004_682.las 2595.016 -192731.707 43.144 2765.997 -192595.806 85.875
20220818-211004_683.las 2552.88 -192769.616 43.946 2717.745 -192582.663 96.649
20220818-211004_684.las 2552.786 -192791.946 44.14 2755.264 -192644.565 92.95100000000001
20220818-211004_685.las 2644.564 -192757.378 44.166000000000004 2776.7490000000003 -192576.158 93.04
20220818-211004_686.las 2639.685 -192697.123 45.122 2744.161 -192566.209 78.126
20220818-211004_687.las 2579.239 -192702.778 42.321 2781.531 -192531.44 96.679
20220818-211004_688.las 2725.536 -192658.078 44.311 2930.742 -192495.992 88.257
20220818-211004_689.las 2859.253 -192618.083 43.246 2981.317 -192487.598 89.602
20220818-211004_690.las 2809.7580000000003 -192561.151 43.677 2970.7490000000003 -192421.91 90.321
20220818-211004_691.las 2696.221 -192585.919 44.058 2886.166 -192433.515 87.173
20220818-211004_692.las 2579.077 -192602.02300000002 44.459 2750.401 -192454.834 91.83500000000001
20220818-211004_693.las 2575.3740000000003 -192681.942 43.417 2771.915 -192532.794 96.69
20220818-211004_694.las 2722.081 -192659.307 41.505 3003.158 -192486.727 93.562
20220818-211004_695.las 2911.694 -192609.678 43.666000000000004 3056.658 -192414.141 89.494
20220818-211004_696.las 2881.744 -192461.56100000002 42.244 3032.934 -192308.726 102.555
20220818-211004_697.las 2892.46 -192381.285 39.544000000000004 3108.675 -192239.638 105.059
20220818-211004_698.las 2975.126 -192304.909 43.196 3113.293 -192191.29200000002 103.57600000000001
20220818-211004_699.las 2863.593 -192329.19400000002 42.758 3099.083 -192165.878 104.263
20220818-211004_700.las 2758.64 -192349.22 43.875 2906.4210000000003 -192209.9 84.601
20220818-211004_701.las 2728.88 -192433.055 41.984 2875.14 -192231.585 86.33
20220818-211004_702.las 2764.009 -192494.43 44.897 2913.447 -192375.252 83.034
20220818-211004_703.las 2853.3450000000003 -192487.511 42.905 2987.263 -192344.422 87.908
20220818-211004_704.las 2931.8250000000003 -192463.40600000002 43.555 3111.064 -192326.378 100.843
20220818-211004_705.las 3019.581 -192509.922 42.282000000000004 3169.36 -192308.673 85.84400000000001
20220818-211004_706.las 3052.03 -192570.652 38.379 3214.074 -192432.547 85.128
20220818-211004_707.las 3149.414 -192557.979 38.025 3305.909 -192415.603 80.123
20220818-211004_708.las 3219.751 -192530.326 37.405 3383.7490000000003 -192307.017 75.5
20220818-211004_709.las 3114.009 -192420.193 39.582 3338.594 -192270.962 99.646
20220818-211004_710.las 3084.364 -192489.424 38.095 3249.627 -192345.234 99.637
20220818-211004_711.las 3090.938 -192555.46600000001 36.578 3288.5860000000002 -192416.63700000002 98.155
20220818-211004_712.las 3101.223 -192490.646 42.508 3288.483 -192347.888 99.717
20220818-211004_713.las 2964.038 -192507.651 41.812 3142.4 -192378.726 89.574
20220818-211004_714.las 2911.293 -192525.354 44.372 3033.934 -192357.619 95.245
20220818-211004_715.las 2798.953 -192496.904 42.311 3022.353 -192341.577 94.376
20220818-211004_716.las 2765.283 -192598.279 41.68 2911.648 -192380.82200000001 81.247
20220818-211004_717.las 2795.245 -192633.052 44.234 2930.504 -192498.761 91.672
20220818-211004_718.las 2870.13 -192750.725 39.148 3034.805 -192495.625 89.368
20220818-211004_719.las 2908.094 -192855.314 40.725 3059.995 -192703.91 85.612
20220818-211004_720.las 2935.6130000000003 -193005.847 38.406 3088.636 -192808.382 84.938
20220818-211004_721.las 3010.4900000000002 -192993.904 40.575 3149.056 -192816.986 77.96300000000001
20220818-211004_722.las 2987.299 -192857.187 41.378 3119.904 -192737.559 77.357
20220818-211004_723.las 2962.8630000000003 -192767.801 37.093 3106.545 -192627.949 84.717
20220818-211004_724.las 2934.849 -192668.478 40.963 3072.89 -192500.117 89.453
20220818-211004_725.las 2904.468 -192638.078 43.598 3012.775 -192499.681 89.21900000000001
20220818-211004_726.las 2875.848 -192756.078 39.237 3031.376 -192510.941 85.129
20220818-211004_727.las 2985.025 -192743.964 42.347 3137.344 -192611.342 82.811
20220818-211004_728.las 3106.77 -192716.62 42.605000000000004 3239.785 -192588.734 88.001
20220818-211004_729.las 3192.194 -192701.234 41.752 3313.924 -192559.321 91.336
20220818-211004_730.las 3277.051 -192678.361 36.08 3437.454 -192518.32200000001 91.537
20220818-211004_731.las 3276.553 -192573.66700000002 40.365 3426.628 -192419.225 79.714
20220818-211004_732.las 3208.483 -192536.696 42.214 3348.146 -192419.06900000002 80.988
20220818-211004_733.las 3118.029 -192594.634 39.994 3279.696 -192430.971 82.72500000000001
20220818-211004_734.las 3138.61 -192662.999 42.112 3257.169 -192546.692 83.647
20220818-211004_735.las 3145.261 -192730.545 41.911 3272.172 -192611.55000000002 79.037
20220818-211004_736.las 3160.641 -192800.545 40.277 3304.831 -192688.44 82.901
20220818-211004_737.las 3176.587 -192880.208 40.695 3316.176 -192749.335 83.099
20220818-211004_738.las 3207.108 -192951.207 39.61 3411.31 -192812.548 94.586
20220818-211004_739.las 3364.762 -192919.378 35.262 3559.52 -192721.045 96.742
20220818-211004_740.las 3324.683 -192823.203 37.161 3517.804 -192666.022 101.537
20220818-211004_741.las 3276.7780000000002 -192823.832 41.189 3397.928 -192727.02 79.45400000000001
20220818-211004_742.las 3272.014 -192811.401 38.04 3427.407 -192660.278 95.681
20220818-211004_743.las 3250.285 -192677.935 41.954 3388.001 -192552.562 91.795
20220818-211004_744.las 3271.466 -192638.124 33.38 3437.135 -192476.978 87.863
20220818-211004_745.las 3190.925 -192630.108 40.459 3311.522 -192501.59900000002 82.528
20220818-211004_746.las 3141.853 -192663.313 41.976 3257.442 -192525.013 83.369
20220818-211004_747.las 3145.402 -192730.562 42.04 3272.065 -192611.204 78.587
20220818-211004_748.las 3160.762 -192824.106 40.295 3302.685 -192690.994 83.568
20220818-211004_749.las 3144.7290000000003 -192843.977 39.852000000000004 3221.337 -192717.919 79.799
20220818-211004_750.las 3014.0480000000002 -192875.151 39.739000000000004 3173.952 -192731.468 80.033
20220818-211004_751.las 2937.684 -192888.296 41.131 3070.143 -192748.678 77.544
20220818-211004_752.las 2937.605 -192982.263 38.865 3081.852 -192805.961 85.243
20220818-211004_753.las 2969.37 -193005.805 38.27 3148.906 -192841.40600000002 77.685
20220818-211004_754.las 3010.294 -192924.975 40.128 3219.553 -192788.864 79.087
20220818-211004_755.las 3147.018 -192892.287 40.356 3254.5840000000003 -192757.241 79.532
20220818-211004_756.las 3065.242 -192868.157 39.511 3245.333 -192720.854 79.711
20220818-211004_757.las 2987.053 -192875.558 42.587 3115.2780000000002 -192737.203 80.035
20220818-211004_758.las 3018.116 -192821.593 42.239000000000004 3147.378 -192690.671 77.986
20220818-211004_759.las 3064.524 -192835.797 42.33 3193.6440000000002 -192713.80000000002 76.513
20220818-211004_760.las 3064.632 -192901.082 42.496 3197.901 -192773.574 83.023
20220818-211004_761.las 3125.8160000000003 -192897.684 42.161 3254.216 -192741.72 79.419
20220818-211004_762.las 3007.152 -192875.25100000002 39.551 3225.996 -192720.983 80.078
20220818-211004_763.las 3008.535 -192822.87600000002 42.300000000000004 3154.9610000000002 -192690.855 80.166
20220818-211004_764.las 3128.109 -192789.046 43.13 3213.939 -192664.723 77.886
20220818-211004_765.las 3085.268 -192727.196 39.676 3221.852 -192594.174 77.819
20220818-211004_766.las 3035.352 -192658.50400000002 41.969 3191.6800000000003 -192531.09100000001 87.257
20220818-211004_767.las 2946.299 -192673.71 42.128 3083.911 -192557.328 80.42
20220818-211004_768.las 2874.442 -192640.535 43.289 3059.573 -192499.758 89.631
20220818-211004_769.las 2882.0660000000003 -192841.64800000002 39.949 3045.5840000000003 -192593.551 85.959
20220818-211004_770.las 2935.656 -192944.878 38.815 3079.771 -192791.956 85.287
20220818-211004_771.las 2842.652 -193049.111 39.706 3090.04 -192896.988 85.233
20220818-211004_772.las 2875.525 -193036.07200000001 37.7 3078.733 -192836.424 82.563
20220818-211004_773.las 2918.638 -192903.771 40.688 3057.308 -192759.58800000002 83.402
20220818-211004_774.las 2873.596 -192818.682 40.247 3040.676 -192633.06900000002 88.958
20220818-211004_775.las 2740.71 -192800.755 41.836 2932.559 -192646.467 90.884
20220818-211004_776.las 2580.202 -192833.56900000002 43.136 2785.588 -192685.723 92.896
20220818-211004_777.las 2529.119 -192846.582 43.818 2699.607 -192664.154 97.074
20220818-211004_778.las 2647.811 -192782.31900000002 43.872 2774.053 -192626.446 92.989
20220818-211004_779.las 2668.6530000000002 -192756.913 43.916000000000004 2839.51 -192581.314 89.909
20220818-211004_780.las 2714.748 -192872.611 42.224000000000004 2870.179 -192681.103 88.91
20220818-211004_781.las 2747.334 -193023.218 40.306 2895.297 -192821.105 95.501
20220818-211004_782.las 2629.983 -193106.73500000002 38.819 2908.099 -192947.765 88.528
20220818-211004_783.las 2516.003 -193142.766 43.107 2675.994 -192992.80000000002 76.67
20220818-211004_784.las 2384.419 -193148.245 42.176 2583.306 -193014.691 70.32600000000001
